Coursework One Results by Lukasz Koprowski (lk1510)& Agata Mosinska (am9310)

Dependency Matrix

[[  0.00000000e+00   4.45585476e-02   2.56664894e-02   4.79586392e-02
    3.39523121e-02   2.36705056e-02   3.91021424e-02   8.61069161e-02
    1.57216080e-02]
 [  4.45585476e-02   0.00000000e+00   9.39449021e-03   6.04331407e-02
    6.88295714e-02   3.03033767e-02   7.13728429e-02   8.25544052e-02
    2.65994072e-03]
 [  2.56664894e-02   9.39449021e-03   0.00000000e+00   1.16566109e-02
    7.15399430e-03   1.56262972e-03   7.01927688e-03   4.91216051e-03
    5.18065828e-04]
 [  4.79586392e-02   6.04331407e-02   1.16566109e-02   0.00000000e+00
    5.38902145e-01   2.74519242e-01   3.16222900e-02   3.24220406e-02
    5.77265528e-03]
 [  3.39523121e-02   6.88295714e-02   7.15399430e-03   5.38902145e-01
    0.00000000e+00   6.05813785e-01   4.05599158e-02   5.05071649e-02
    8.39899979e-03]
 [  2.36705056e-02   3.03033767e-02   1.56262972e-03   2.74519242e-01
    6.05813785e-01   0.00000000e+00   2.50925557e-02   4.13511752e-02
    1.61116433e-02]
 [  3.91021424e-02   7.13728429e-02   7.01927688e-03   3.16222900e-02
    4.05599158e-02   2.50925557e-02   0.00000000e+00   6.29437280e-02
    3.84590270e-03]
 [  8.61069161e-02   8.25544052e-02   4.91216051e-03   3.24220406e-02
    5.05071649e-02   4.13511752e-02   6.29437280e-02   0.00000000e+00
    3.19977738e-02]
 [  1.57216080e-02   2.65994072e-03   5.18065828e-04   5.77265528e-03
    8.39899979e-03   1.61116433e-02   3.84590270e-03   3.19977738e-02
    0.00000000e+00]]

Dependency List
[[  6.05813785e-01   4.00000000e+00   5.00000000e+00]
 [  5.38902145e-01   3.00000000e+00   4.00000000e+00]
 [  2.74519242e-01   3.00000000e+00   5.00000000e+00]
 [  8.61069161e-02   0.00000000e+00   7.00000000e+00]
 [  8.25544052e-02   1.00000000e+00   7.00000000e+00]
 [  7.13728429e-02   1.00000000e+00   6.00000000e+00]
 [  6.88295714e-02   1.00000000e+00   4.00000000e+00]
 [  6.29437280e-02   6.00000000e+00   7.00000000e+00]
 [  6.04331407e-02   1.00000000e+00   3.00000000e+00]
 [  5.05071649e-02   4.00000000e+00   7.00000000e+00]
 [  4.79586392e-02   0.00000000e+00   3.00000000e+00]
 [  4.45585476e-02   0.00000000e+00   1.00000000e+00]
 [  4.13511752e-02   5.00000000e+00   7.00000000e+00]
 [  4.05599158e-02   4.00000000e+00   6.00000000e+00]
 [  3.91021424e-02   0.00000000e+00   6.00000000e+00]
 [  3.39523121e-02   0.00000000e+00   4.00000000e+00]
 [  3.24220406e-02   3.00000000e+00   7.00000000e+00]
 [  3.19977738e-02   7.00000000e+00   8.00000000e+00]
 [  3.16222900e-02   3.00000000e+00   6.00000000e+00]
 [  3.03033767e-02   1.00000000e+00   5.00000000e+00]
 [  2.56664894e-02   0.00000000e+00   2.00000000e+00]
 [  2.50925557e-02   5.00000000e+00   6.00000000e+00]
 [  2.36705056e-02   0.00000000e+00   5.00000000e+00]
 [  1.61116433e-02   5.00000000e+00   8.00000000e+00]
 [  1.57216080e-02   0.00000000e+00   8.00000000e+00]
 [  1.16566109e-02   2.00000000e+00   3.00000000e+00]
 [  9.39449021e-03   1.00000000e+00   2.00000000e+00]
 [  8.39899979e-03   4.00000000e+00   8.00000000e+00]
 [  7.15399430e-03   2.00000000e+00   4.00000000e+00]
 [  7.01927688e-03   2.00000000e+00   6.00000000e+00]
 [  5.77265528e-03   3.00000000e+00   8.00000000e+00]
 [  4.91216051e-03   2.00000000e+00   7.00000000e+00]
 [  3.84590270e-03   6.00000000e+00   8.00000000e+00]
 [  2.65994072e-03   1.00000000e+00   8.00000000e+00]
 [  1.56262972e-03   2.00000000e+00   5.00000000e+00]
 [  5.18065828e-04   2.00000000e+00   8.00000000e+00]]
